K_4 =
  [(0.064, -0.364), (0.06085, -0.36329), (0.0577, -0.3626), (0.05454, -0.36195), (0.05137, -0.36132), (0.0482, -0.36072), (0.04503, -0.36014), (0.04185, -0.35959), (0.03867, -0.35906), (0.03548, -0.35856), (0.03229, -0.35807), (0.0291, -0.35761), (0.0259, -0.35716), (0.0227, -0.35674), (0.0195, -0.35634), (0.01629, -0.35595), (0.01309, -0.35559), (0.00988, -0.35525), (0.00667, -0.35493), (0.00346, -0.35462), (0.00024, -0.35434), (-0.00297, -0.35408), (-0.00619, -0.35383), (-0.00941, -0.35361), (-0.01263, -0.35341), (-0.01585, -0.35323), (-0.01908, -0.35308), (-0.0223, -0.35294), (-0.02553, -0.35283), (-0.02875, -0.35274), (-0.03198, -0.35268), (-0.0352, -0.35264), (-0.03843, -0.35263), (-0.04166, -0.35265), (-0.04488, -0.3527), (-0.04811, -0.35277), (-0.05134, -0.35288), (-0.05456, -0.35302), (-0.05778, -0.3532), (-0.061, -0.35342), (-0.06422, -0.35367), (-0.06743, -0.35397), (-0.07064, -0.35432), (-0.07384, -0.35471), (-0.07704, -0.35516), (-0.08022, -0.35568), (-0.0834, -0.35625), (-0.08656, -0.3569), (-0.08568, -0.35436), (-0.08421, -0.35149), (-0.08271, -0.34863), (-0.08118, -0.34578), (-0.07964, -0.34295), (-0.07807, -0.34013), (-0.07647, -0.33733), (-0.07486, -0.33453), (-0.07322, -0.33175), (-0.07156, -0.32899), (-0.06988, -0.32623), (-0.06819, -0.32348), (-0.06647, -0.32075), (-0.06474, -0.31803), (-0.06298, -0.31532), (-0.06122, -0.31262), (-0.05943, -0.30993), (-0.05763, -0.30726), (-0.05581, -0.30459), (-0.05398, -0.30193), (-0.05213, -0.29929), (-0.05026, -0.29666), (-0.04839, -0.29403), (-0.04649, -0.29142), (-0.04458, -0.28882), (-0.04266, -0.28622), (-0.04073, -0.28364), (-0.03878, -0.28107), (-0.03681, -0.27851), (-0.03484, -0.27596), (-0.03285, -0.27342), (-0.03085, -0.27089), (-0.02883, -0.26837), (-0.0268, -0.26586), (-0.02476, -0.26336), (-0.0227, -0.26088), (-0.02063, -0.2584), (-0.01855, -0.25594), (-0.01645, -0.25348), (-0.01434, -0.25104), (-0.01221, -0.24862), (-0.01007, -0.2462), (-0.00771, -0.24611), (-0.00531, -0.24828), (-0.00299, -0.25052), (-0.00073, -0.25282), (0.00146, -0.25519), (0.0036, -0.25761), (0.00567, -0.26008), (0.0077, -0.26259), (0.00967, -0.26515), (0.01159, -0.26774), (0.01346, -0.27037), (0.0153, -0.27302), (0.01709, -0.2757), (0.01885, -0.27841), (0.02057, -0.28114), (0.02226, -0.28389), (0.02391, -0.28666), (0.02554, -0.28944), (0.02714, -0.29225), (0.02872, -0.29506), (0.03028, -0.29789), (0.03181, -0.30073), (0.03333, -0.30357), (0.03483, -0.30643), (0.03631, -0.3093), (0.03779, -0.31217), (0.03924, -0.31505), (0.04069, -0.31793), (0.04214, -0.32082), (0.04357, -0.32371), (0.045, -0.3266), (0.04643, -0.3295), (0.04785, -0.33239), (0.04927, -0.33529), (0.0507, -0.33818), (0.05213, -0.34107), (0.05357, -0.34396), (0.05502, -0.34685), (0.05647, -0.34973), (0.05794, -0.3526), (0.05943, -0.35546), (0.06093, -0.35832), (0.06245, -0.36117), (0.064, -0.364)] @{
  color: "#2d70b3",
  hidden: true,
}

K_3 =
  [(-0.19801, -0.068), (-0.19476, -0.06806), (-0.19152, -0.06825), (-0.1883, -0.06857), (-0.18509, -0.06902), (-0.18191, -0.06963), (-0.17875, -0.07037), (-0.17564, -0.07128), (-0.17258, -0.07233), (-0.16957, -0.07355), (-0.16664, -0.07492), (-0.16378, -0.07645), (-0.16102, -0.07814), (-0.15835, -0.07998), (-0.15579, -0.08197), (-0.15335, -0.0841), (-0.15103, -0.08636), (-0.14884, -0.08875), (-0.14679, -0.09126), (-0.14487, -0.09388), (-0.1431, -0.09659), (-0.14148, -0.09939), (-0.13999, -0.10227), (-0.13866, -0.10523), (-0.13747, -0.10824), (-0.13643, -0.11131), (-0.13553, -0.11442), (-0.13478, -0.11758), (-0.13418, -0.12076), (-0.13372, -0.12397), (-0.1334, -0.12719), (-0.13322, -0.13043), (-0.13318, -0.13367), (-0.13329, -0.13691), (-0.13353, -0.14014), (-0.13392, -0.14336), (-0.13445, -0.14655), (-0.13512, -0.14973), (-0.13592, -0.15286), (-0.13687, -0.15596), (-0.13796, -0.15901), (-0.13919, -0.16201), (-0.14056, -0.16495), (-0.14207, -0.16782), (-0.14372, -0.1706), (-0.14551, -0.17331), (-0.14743, -0.17592), (-0.14949, -0.17842), (-0.15167, -0.18082), (-0.15398, -0.18309), (-0.15641, -0.18524), (-0.15894, -0.18725), (-0.16159, -0.18913), (-0.16433, -0.19085), (-0.16716, -0.19243), (-0.17007, -0.19386), (-0.17305, -0.19513), (-0.17609, -0.19625), (-0.17918, -0.19722), (-0.18232, -0.19803), (-0.18549, -0.1987), (-0.18869, -0.19922), (-0.19191, -0.19961), (-0.19514, -0.19986), (-0.19838, -0.19998), (-0.20162, -0.19998), (-0.20486, -0.19986), (-0.20809, -0.19961), (-0.2113, -0.19922), (-0.2145, -0.19869), (-0.21767, -0.19802), (-0.22081, -0.19719), (-0.22389, -0.19622), (-0.22693, -0.19508), (-0.2299, -0.19379), (-0.2328, -0.19233), (-0.23561, -0.19072), (-0.23833, -0.18896), (-0.24094, -0.18704), (-0.24344, -0.18498), (-0.24582, -0.18279), (-0.24808, -0.18046), (-0.2502, -0.17801), (-0.25219, -0.17545), (-0.25403, -0.17278), (-0.25573, -0.17002), (-0.25728, -0.16718), (-0.25869, -0.16426), (-0.25995, -0.16128), (-0.26107, -0.15823), (-0.26204, -0.15514), (-0.26286, -0.15201), (-0.26354, -0.14884), (-0.26407, -0.14564), (-0.26446, -0.14242), (-0.26471, -0.13919), (-0.26482, -0.13595), (-0.26478, -0.13271), (-0.26461, -0.12948), (-0.26429, -0.12625), (-0.26383, -0.12304), (-0.26324, -0.11986), (-0.2625, -0.1167), (-0.26162, -0.11358), (-0.2606, -0.11051), (-0.25944, -0.10748), (-0.25814, -0.10451), (-0.2567, -0.10161), (-0.25512, -0.09878), (-0.2534, -0.09603), (-0.25155, -0.09338), (-0.24956, -0.09082), (-0.24744, -0.08837), (-0.24519, -0.08603), (-0.24282, -0.08382), (-0.24034, -0.08174), (-0.23775, -0.07979), (-0.23505, -0.07799), (-0.23227, -0.07634), (-0.2294, -0.07484), (-0.22645, -0.07349), (-0.22344, -0.07229), (-0.22037, -0.07125), (-0.21725, -0.07036), (-0.2141, -0.06962), (-0.21091, -0.06902), (-0.20771, -0.06857), (-0.20448, -0.06825), (-0.20125, -0.06806), (-0.19801, -0.068)] @{
  color: "#000000",
  hidden: true,
}

K_2 =
  [(0.175, -0.076), (0.17824, -0.07603), (0.18148, -0.07619), (0.18471, -0.0765), (0.18792, -0.07697), (0.1911, -0.07759), (0.19425, -0.07838), (0.19734, -0.07934), (0.20038, -0.08047), (0.20335, -0.08177), (0.20624, -0.08326), (0.20902, -0.08491), (0.2117, -0.08674), (0.21426, -0.08873), (0.21669, -0.09088), (0.21898, -0.09317), (0.22113, -0.09561), (0.22312, -0.09817), (0.22495, -0.10084), (0.22661, -0.10362), (0.22812, -0.1065), (0.22945, -0.10945), (0.23062, -0.11248), (0.23162, -0.11556), (0.23245, -0.1187), (0.23311, -0.12187), (0.23361, -0.12508), (0.23394, -0.1283), (0.23411, -0.13154), (0.23411, -0.13478), (0.23395, -0.13802), (0.23362, -0.14125), (0.23313, -0.14445), (0.23248, -0.14763), (0.23167, -0.15077), (0.2307, -0.15386), (0.22956, -0.1569), (0.22827, -0.15988), (0.22683, -0.16278), (0.22523, -0.1656), (0.22347, -0.16833), (0.22157, -0.17096), (0.21953, -0.17347), (0.21735, -0.17587), (0.21504, -0.17815), (0.2126, -0.18029), (0.21005, -0.18229), (0.20739, -0.18415), (0.20464, -0.18586), (0.2018, -0.18742), (0.19888, -0.18883), (0.19589, -0.19009), (0.19284, -0.19119), (0.18974, -0.19215), (0.1866, -0.19296), (0.18343, -0.19364), (0.18023, -0.19417), (0.17701, -0.19458), (0.17378, -0.19486), (0.17054, -0.19502), (0.1673, -0.19505), (0.16406, -0.19496), (0.16082, -0.19473), (0.1576, -0.19436), (0.1544, -0.19383), (0.15123, -0.19314), (0.14811, -0.19229), (0.14503, -0.19125), (0.14202, -0.19004), (0.1391, -0.18865), (0.13626, -0.18707), (0.13354, -0.18531), (0.13094, -0.18337), (0.12848, -0.18126), (0.12616, -0.17899), (0.12401, -0.17657), (0.12202, -0.17401), (0.12021, -0.17132), (0.11857, -0.16852), (0.11711, -0.16562), (0.11583, -0.16264), (0.11473, -0.15959), (0.11381, -0.15648), (0.11307, -0.15333), (0.11249, -0.15014), (0.11209, -0.14692), (0.11185, -0.14368), (0.11178, -0.14044), (0.11186, -0.1372), (0.11211, -0.13397), (0.11251, -0.13075), (0.11306, -0.12755), (0.11376, -0.12439), (0.11462, -0.12126), (0.11562, -0.11817), (0.11676, -0.11514), (0.11805, -0.11217), (0.11949, -0.10926), (0.12106, -0.10642), (0.12278, -0.10367), (0.12463, -0.10101), (0.12661, -0.09844), (0.12873, -0.09599), (0.13097, -0.09364), (0.13334, -0.09142), (0.13582, -0.08934), (0.13841, -0.08739), (0.1411, -0.08558), (0.14389, -0.08393), (0.14677, -0.08243), (0.14972, -0.08108), (0.15274, -0.0799), (0.15582, -0.07888), (0.15894, -0.07801), (0.16211, -0.07731), (0.1653, -0.07676), (0.16852, -0.07636), (0.17175, -0.07611), (0.175, -0.076)] @{
  color: "#388c46",
  hidden: true,
}

K_1 =
  [(-0.00004, -0.5), (0.00322, -0.49989), (0.00645, -0.49974), (0.00967, -0.49957), (0.01289, -0.49937), (0.01611, -0.49914), (0.01932, -0.49888), (0.02254, -0.49859), (0.02575, -0.49828), (0.02895, -0.49793), (0.03216, -0.49755), (0.03536, -0.49715), (0.03856, -0.49672), (0.04175, -0.49626), (0.04494, -0.49577), (0.04812, -0.49525), (0.0513, -0.49471), (0.05448, -0.49413), (0.05765, -0.49353), (0.06081, -0.49291), (0.06397, -0.49225), (0.06712, -0.49157), (0.07027, -0.49086), (0.07341, -0.49012), (0.07655, -0.48936), (0.07968, -0.48857), (0.0828, -0.48776), (0.08591, -0.48691), (0.08902, -0.48605), (0.09212, -0.48515), (0.09521, -0.48423), (0.0983, -0.48329), (0.10137, -0.48232), (0.10444, -0.48133), (0.1075, -0.48031), (0.11056, -0.47926), (0.1136, -0.47819), (0.11664, -0.4771), (0.11966, -0.47599), (0.12268, -0.47485), (0.12569, -0.47368), (0.12869, -0.47249), (0.13168, -0.47128), (0.13466, -0.47005), (0.13763, -0.4688), (0.14059, -0.46752), (0.14355, -0.46622), (0.14649, -0.46489), (0.14942, -0.46355), (0.15234, -0.46218), (0.15526, -0.46079), (0.15816, -0.45938), (0.16105, -0.45795), (0.16393, -0.4565), (0.1668, -0.45503), (0.16966, -0.45353), (0.17251, -0.45202), (0.17535, -0.45049), (0.17817, -0.44893), (0.18099, -0.44736), (0.1838, -0.44576), (0.18659, -0.44415), (0.18937, -0.44252), (0.19215, -0.44087), (0.19491, -0.4392), (0.19766, -0.43751), (0.20039, -0.43581), (0.20312, -0.43408), (0.20584, -0.43234), (0.20854, -0.43058), (0.21123, -0.4288), (0.21391, -0.427), (0.21658, -0.42519), (0.21924, -0.42336), (0.22188, -0.42151), (0.22451, -0.41965), (0.22714, -0.41777), (0.22974, -0.41587), (0.23234, -0.41396), (0.23493, -0.41203), (0.2375, -0.41008), (0.24006, -0.40812), (0.24261, -0.40614), (0.24515, -0.40415), (0.24767, -0.40214), (0.25019, -0.40012), (0.25269, -0.39808), (0.25517, -0.39603), (0.25765, -0.39396), (0.26012, -0.39188), (0.26257, -0.38978), (0.26501, -0.38767), (0.26743, -0.38554), (0.26985, -0.3834), (0.27225, -0.38125), (0.27464, -0.37908), (0.27702, -0.3769), (0.27939, -0.37471), (0.28174, -0.3725), (0.28408, -0.37028), (0.28641, -0.36805), (0.28872, -0.3658), (0.29103, -0.36355), (0.29332, -0.36127), (0.2956, -0.35899), (0.29787, -0.35669), (0.30012, -0.35439), (0.30236, -0.35207), (0.30459, -0.34973), (0.30681, -0.34739), (0.30901, -0.34503), (0.3112, -0.34267), (0.31338, -0.34029), (0.31555, -0.3379), (0.3177, -0.3355), (0.31985, -0.33308), (0.32198, -0.33066), (0.32409, -0.32823), (0.3262, -0.32578), (0.32829, -0.32332), (0.33037, -0.32086), (0.33243, -0.31838), (0.33449, -0.31589), (0.33653, -0.31339), (0.33856, -0.31089), (0.34058, -0.30837), (0.34258, -0.30584), (0.34457, -0.3033), (0.34655, -0.30076), (0.34852, -0.2982), (0.35048, -0.29563), (0.35242, -0.29306), (0.35435, -0.29047), (0.35626, -0.28787), (0.35817, -0.28527), (0.36006, -0.28266), (0.36194, -0.28004), (0.36381, -0.2774), (0.36566, -0.27476), (0.3675, -0.27212), (0.36933, -0.26946), (0.37115, -0.26679), (0.37295, -0.26412), (0.37475, -0.26143), (0.37652, -0.25874), (0.37829, -0.25604), (0.38005, -0.25334), (0.38179, -0.25062), (0.38352, -0.2479), (0.38524, -0.24517), (0.38694, -0.24243), (0.38863, -0.23968), (0.39031, -0.23693), (0.39198, -0.23416), (0.39363, -0.2314), (0.39528, -0.22862), (0.39691, -0.22583), (0.39852, -0.22304), (0.40013, -0.22024), (0.40172, -0.21744), (0.4033, -0.21463), (0.40487, -0.2118), (0.40642, -0.20898), (0.40797, -0.20614), (0.40949, -0.2033), (0.41101, -0.20046), (0.41252, -0.1976), (0.41401, -0.19474), (0.41549, -0.19188), (0.41696, -0.189), (0.41841, -0.18612), (0.41986, -0.18324), (0.42129, -0.18035), (0.4227, -0.17745), (0.42411, -0.17455), (0.4255, -0.17163), (0.42688, -0.16872), (0.42825, -0.1658), (0.42961, -0.16287), (0.43095, -0.15994), (0.43228, -0.157), (0.4336, -0.15405), (0.4349, -0.1511), (0.43619, -0.14815), (0.43747, -0.14518), (0.43874, -0.14222), (0.44, -0.13925), (0.44124, -0.13627), (0.44247, -0.13329), (0.44369, -0.1303), (0.4449, -0.12731), (0.44609, -0.12431), (0.44727, -0.12131), (0.44844, -0.1183), (0.44959, -0.11529), (0.45074, -0.11227), (0.45187, -0.10925), (0.45298, -0.10622), (0.45409, -0.10319), (0.45518, -0.10016), (0.45626, -0.09712), (0.45733, -0.09407), (0.45839, -0.09102), (0.45943, -0.08797), (0.46046, -0.08491), (0.46148, -0.08185), (0.46248, -0.07879), (0.46348, -0.07572), (0.46446, -0.07264), (0.46543, -0.06957), (0.46638, -0.06648), (0.46732, -0.0634), (0.46825, -0.06031), (0.46917, -0.05722), (0.47008, -0.05412), (0.47097, -0.05102), (0.47185, -0.04792), (0.47272, -0.04481), (0.47357, -0.0417), (0.47442, -0.03858), (0.47525, -0.03547), (0.47606, -0.03235), (0.47687, -0.02922), (0.47766, -0.02609), (0.47844, -0.02296), (0.47921, -0.01983), (0.47996, -0.01669), (0.4807, -0.01355), (0.48143, -0.01041), (0.48215, -0.00726), (0.48285, -0.00412), (0.48355, -0.00096), (0.48422, 0.00219), (0.48489, 0.00535), (0.48554, 0.0085), (0.48619, 0.01167), (0.48681, 0.01483), (0.48743, 0.018), (0.48803, 0.02117), (0.48863, 0.02434), (0.4892, 0.02751), (0.48977, 0.03069), (0.49032, 0.03387), (0.49086, 0.03705), (0.49139, 0.04023), (0.49191, 0.04342), (0.49241, 0.0466), (0.4929, 0.04979), (0.49338, 0.05298), (0.49384, 0.05617), (0.49429, 0.05937), (0.49473, 0.06257), (0.49516, 0.06576), (0.49557, 0.06896), (0.49598, 0.07216), (0.49636, 0.07537), (0.49674, 0.07857), (0.49711, 0.08178), (0.49746, 0.08498), (0.4978, 0.08819), (0.49812, 0.0914), (0.49843, 0.09461), (0.49874, 0.09782), (0.49902, 0.10104), (0.4993, 0.10425), (0.49956, 0.10747), (0.49981, 0.11068), (0.50005, 0.1139), (0.50027, 0.11712), (0.50049, 0.12034), (0.50069, 0.12356), (0.50087, 0.12678), (0.50105, 0.13), (0.50121, 0.13322), (0.50136, 0.13644), (0.5015, 0.13967), (0.50162, 0.14289), (0.50173, 0.14612), (0.50183, 0.14934), (0.50192, 0.15257), (0.50199, 0.15579), (0.50205, 0.15902), (0.5021, 0.16224), (0.50214, 0.16547), (0.50216, 0.16869), (0.50217, 0.17192), (0.50217, 0.17515), (0.50215, 0.17837), (0.50213, 0.1816), (0.50209, 0.18483), (0.50204, 0.18805), (0.50197, 0.19128), (0.50189, 0.1945), (0.50181, 0.19773), (0.5017, 0.20095), (0.50159, 0.20418), (0.50146, 0.2074), (0.50132, 0.21062), (0.50117, 0.21385), (0.501, 0.21707), (0.50083, 0.22029), (0.50064, 0.22351), (0.50044, 0.22673), (0.50022, 0.22995), (0.49999, 0.23317), (0.49976, 0.23638), (0.4995, 0.2396), (0.49924, 0.24282), (0.49896, 0.24603), (0.49867, 0.24924), (0.49837, 0.25246), (0.49806, 0.25567), (0.49773, 0.25888), (0.49739, 0.26208), (0.49704, 0.26529), (0.49668, 0.2685), (0.4963, 0.2717), (0.49592, 0.2749), (0.49552, 0.27811), (0.4951, 0.2813), (0.49468, 0.2845), (0.49424, 0.2877), (0.49379, 0.29089), (0.49333, 0.29409), (0.49286, 0.29728), (0.49237, 0.30047), (0.49187, 0.30366), (0.49136, 0.30684), (0.49084, 0.31002), (0.49031, 0.31321), (0.48878, 0.31426), (0.48603, 0.31257), (0.48329, 0.31088), (0.48054, 0.30918), (0.47781, 0.30747), (0.47508, 0.30575), (0.47235, 0.30403), (0.46963, 0.3023), (0.46691, 0.30056), (0.4642, 0.29881), (0.46149, 0.29706), (0.45879, 0.29529), (0.45609, 0.29352), (0.4534, 0.29174), (0.45071, 0.28996), (0.44803, 0.28816), (0.44536, 0.28636), (0.44268, 0.28455), (0.44002, 0.28273), (0.43736, 0.28091), (0.43471, 0.27908), (0.43206, 0.27723), (0.42941, 0.27538), (0.42677, 0.27353), (0.42414, 0.27166), (0.42152, 0.26979), (0.41889, 0.26791), (0.41628, 0.26602), (0.41367, 0.26412), (0.41107, 0.26222), (0.40847, 0.26031), (0.40587, 0.25839), (0.40329, 0.25646), (0.40071, 0.25452), (0.39813, 0.25258), (0.39556, 0.25063), (0.393, 0.24867), (0.39044, 0.2467), (0.38789, 0.24473), (0.38535, 0.24274), (0.38281, 0.24075), (0.38027, 0.23876), (0.37774, 0.23675), (0.37522, 0.23474), (0.37271, 0.23272), (0.3702, 0.23069), (0.36769, 0.22866), (0.3652, 0.22662), (0.3627, 0.22457), (0.36022, 0.22251), (0.35774, 0.22045), (0.35527, 0.21837), (0.3528, 0.2163), (0.35034, 0.21421), (0.34788, 0.21212), (0.34543, 0.21002), (0.34299, 0.20791), (0.34055, 0.2058), (0.33812, 0.20368), (0.3357, 0.20155), (0.33328, 0.19941), (0.33086, 0.19727), (0.32846, 0.19512), (0.32605, 0.19297), (0.32366, 0.19081), (0.32127, 0.18864), (0.31889, 0.18647), (0.31651, 0.18429), (0.31414, 0.1821), (0.31177, 0.1799), (0.30941, 0.1777), (0.30706, 0.1755), (0.30471, 0.17329), (0.30237, 0.17107), (0.30003, 0.16884), (0.2977, 0.16661), (0.29538, 0.16438), (0.29306, 0.16213), (0.29074, 0.15988), (0.28844, 0.15763), (0.28613, 0.15537), (0.28384, 0.1531), (0.28155, 0.15083), (0.27926, 0.14855), (0.27698, 0.14627), (0.27471, 0.14398), (0.27244, 0.14169), (0.27018, 0.13939), (0.26792, 0.13708), (0.26567, 0.13477), (0.26342, 0.13246), (0.26118, 0.13014), (0.25894, 0.12781), (0.25671, 0.12548), (0.25449, 0.12315), (0.25227, 0.12081), (0.25005, 0.11846), (0.24784, 0.11611), (0.24564, 0.11375), (0.2433, 0.11244), (0.24055, 0.11414), (0.23779, 0.11581), (0.23502, 0.11745), (0.23222, 0.11907), (0.22942, 0.12066), (0.22659, 0.12222), (0.22376, 0.12376), (0.22091, 0.12527), (0.21804, 0.12675), (0.21516, 0.12821), (0.21227, 0.12964), (0.20937, 0.13105), (0.20645, 0.13243), (0.20353, 0.13379), (0.20059, 0.13512), (0.19764, 0.13643), (0.19468, 0.13771), (0.19171, 0.13897), (0.18873, 0.14021), (0.18574, 0.14142), (0.18274, 0.14261), (0.17973, 0.14377), (0.17671, 0.14491), (0.17369, 0.14603), (0.17065, 0.14713), (0.16761, 0.1482), (0.16456, 0.14926), (0.1615, 0.15029), (0.15844, 0.15129), (0.15537, 0.15228), (0.15229, 0.15325), (0.1492, 0.15419), (0.14611, 0.15511), (0.14302, 0.15602), (0.13991, 0.1569), (0.1368, 0.15776), (0.13369, 0.1586), (0.13057, 0.15943), (0.12745, 0.16023), (0.12432, 0.16101), (0.12118, 0.16177), (0.11804, 0.16252), (0.1149, 0.16324), (0.11175, 0.16395), (0.1086, 0.16464), (0.10544, 0.16531), (0.10228, 0.16596), (0.09912, 0.16659), (0.09595, 0.16721), (0.09278, 0.1678), (0.08961, 0.16838), (0.08643, 0.16894), (0.08325, 0.16949), (0.08007, 0.17001), (0.07688, 0.17052), (0.07369, 0.17102), (0.0705, 0.17149), (0.06731, 0.17195), (0.06411, 0.1724), (0.06092, 0.17282), (0.05772, 0.17323), (0.05451, 0.17363), (0.05131, 0.174), (0.0481, 0.17437), (0.0449, 0.17471), (0.04169, 0.17504), (0.03848, 0.17536), (0.03526, 0.17566), (0.03205, 0.17594), (0.02884, 0.17621), (0.02562, 0.17646), (0.0224, 0.1767), (0.01918, 0.17693), (0.01596, 0.17713), (0.01274, 0.17733), (0.00952, 0.17751), (0.0063, 0.17767), (0.00308, 0.17782), (-0.00015, 0.17796), (-0.00337, 0.17808), (-0.00659, 0.17819), (-0.00982, 0.17828), (-0.01304, 0.17836), (-0.01627, 0.17843), (-0.0195, 0.17848), (-0.02272, 0.17852), (-0.02595, 0.17854), (-0.02917, 0.17855), (-0.0324, 0.17855), (-0.03563, 0.17853), (-0.03885, 0.1785), (-0.04208, 0.17845), (-0.0453, 0.1784), (-0.04853, 0.17833), (-0.05175, 0.17824), (-0.05498, 0.17814), (-0.0582, 0.17803), (-0.06143, 0.17791), (-0.06465, 0.17777), (-0.06787, 0.17762), (-0.07109, 0.17746), (-0.07432, 0.17728), (-0.07754, 0.17709), (-0.08076, 0.17689), (-0.08398, 0.17668), (-0.08719, 0.17645), (-0.09041, 0.17621), (-0.09363, 0.17596), (-0.09684, 0.17569), (-0.10006, 0.17541), (-0.10327, 0.17512), (-0.10648, 0.17482), (-0.10969, 0.1745), (-0.1129, 0.17417), (-0.11611, 0.17383), (-0.11932, 0.17347), (-0.12252, 0.17311), (-0.12573, 0.17273), (-0.12893, 0.17233), (-0.13213, 0.17193), (-0.13533, 0.17151), (-0.13852, 0.17108), (-0.14172, 0.17064), (-0.14491, 0.17019), (-0.14811, 0.16972), (-0.1513, 0.16924), (-0.15449, 0.16874), (-0.15767, 0.16824), (-0.16086, 0.16772), (-0.16404, 0.16719), (-0.16722, 0.16665), (-0.1704, 0.16609), (-0.17357, 0.16552), (-0.17675, 0.16494), (-0.17992, 0.16435), (-0.18309, 0.16374), (-0.18625, 0.16312), (-0.18942, 0.16249), (-0.19258, 0.16185), (-0.19574, 0.16119), (-0.19889, 0.16052), (-0.20204, 0.15984), (-0.20519, 0.15914), (-0.20834, 0.15843), (-0.21149, 0.15771), (-0.21463, 0.15697), (-0.21777, 0.15623), (-0.2209, 0.15546), (-0.22403, 0.15469), (-0.22716, 0.1539), (-0.23029, 0.1531), (-0.23341, 0.15229), (-0.23653, 0.15146), (-0.23964, 0.15062), (-0.24275, 0.14976), (-0.24586, 0.14889), (-0.24896, 0.14801), (-0.25206, 0.14711), (-0.25516, 0.1462), (-0.25825, 0.14528), (-0.26133, 0.14434), (-0.26442, 0.14339), (-0.26749, 0.14242), (-0.27057, 0.14144), (-0.27364, 0.14045), (-0.27638, 0.14116), (-0.27883, 0.14326), (-0.28125, 0.14538), (-0.28366, 0.14753), (-0.28604, 0.14971), (-0.28841, 0.1519), (-0.29075, 0.15412), (-0.29308, 0.15635), (-0.29539, 0.1586), (-0.29769, 0.16086), (-0.29998, 0.16314), (-0.30225, 0.16543), (-0.30452, 0.16772), (-0.30677, 0.17003), (-0.30903, 0.17234), (-0.31127, 0.17465), (-0.31352, 0.17697), (-0.31576, 0.17929), (-0.31801, 0.1816), (-0.32026, 0.18392), (-0.32251, 0.18623), (-0.32476, 0.18854), (-0.32702, 0.19084), (-0.32929, 0.19313), (-0.33157, 0.19542), (-0.33385, 0.1977), (-0.33614, 0.19997), (-0.33845, 0.20222), (-0.34076, 0.20447), (-0.34309, 0.20671), (-0.34543, 0.20893), (-0.34778, 0.21114), (-0.35014, 0.21334), (-0.35251, 0.21553), (-0.3549, 0.2177), (-0.3573, 0.21985), (-0.35971, 0.222), (-0.36213, 0.22413), (-0.36457, 0.22624), (-0.36701, 0.22835), (-0.36947, 0.23043), (-0.37195, 0.2325), (-0.37443, 0.23456), (-0.37693, 0.23661), (-0.37943, 0.23864), (-0.38195, 0.24065), (-0.38448, 0.24266), (-0.38702, 0.24464), (-0.38958, 0.24662), (-0.39214, 0.24858), (-0.39471, 0.25052), (-0.39729, 0.25246), (-0.39989, 0.25438), (-0.40249, 0.25629), (-0.4051, 0.25818), (-0.40772, 0.26006), (-0.41035, 0.26193), (-0.41299, 0.26379), (-0.41563, 0.26563), (-0.41829, 0.26747), (-0.42095, 0.26929), (-0.42362, 0.2711), (-0.4263, 0.2729), (-0.42899, 0.27469), (-0.43168, 0.27646), (-0.43438, 0.27823), (-0.43709, 0.27998), (-0.4398, 0.28173), (-0.44252, 0.28346), (-0.44525, 0.28518), (-0.44798, 0.2869), (-0.45072, 0.2886), (-0.45346, 0.2903), (-0.45621, 0.29198), (-0.45897, 0.29366), (-0.46173, 0.29533), (-0.4645, 0.29698), (-0.46728, 0.29863), (-0.47005, 0.30027), (-0.47284, 0.3019), (-0.47402, 0.29914), (-0.47508, 0.29607), (-0.47611, 0.29301), (-0.47712, 0.28995), (-0.4781, 0.28688), (-0.47907, 0.2838), (-0.48001, 0.28071), (-0.48092, 0.27762), (-0.48182, 0.27452), (-0.48269, 0.27141), (-0.48354, 0.2683), (-0.48437, 0.26518), (-0.48517, 0.26206), (-0.48595, 0.25893), (-0.48671, 0.25579), (-0.48745, 0.25265), (-0.48817, 0.2495), (-0.48886, 0.24635), (-0.48953, 0.2432), (-0.49018, 0.24004), (-0.49081, 0.23687), (-0.49141, 0.2337), (-0.492, 0.23053), (-0.49256, 0.22736), (-0.4931, 0.22417), (-0.49362, 0.22099), (-0.49412, 0.2178), (-0.49459, 0.21461), (-0.49505, 0.21142), (-0.49549, 0.20822), (-0.4959, 0.20502), (-0.49629, 0.20182), (-0.49667, 0.19861), (-0.49702, 0.19541), (-0.49735, 0.1922), (-0.49766, 0.18899), (-0.49795, 0.18578), (-0.49822, 0.18256), (-0.49847, 0.17934), (-0.49871, 0.17613), (-0.49892, 0.17291), (-0.49911, 0.16969), (-0.49928, 0.16646), (-0.49943, 0.16324), (-0.49957, 0.16002), (-0.49968, 0.15679), (-0.49978, 0.15357), (-0.49985, 0.15034), (-0.49991, 0.14712), (-0.49995, 0.14389), (-0.49997, 0.14067), (-0.49997, 0.13744), (-0.49995, 0.13421), (-0.49991, 0.13099), (-0.49986, 0.12776), (-0.49979, 0.12454), (-0.4997, 0.12131), (-0.49959, 0.11809), (-0.49946, 0.11486), (-0.49932, 0.11164), (-0.49916, 0.10842), (-0.49898, 0.1052), (-0.49878, 0.10198), (-0.49857, 0.09876), (-0.49834, 0.09554), (-0.49809, 0.09232), (-0.49782, 0.08911), (-0.49754, 0.08589), (-0.49724, 0.08268), (-0.49693, 0.07947), (-0.4966, 0.07626), (-0.49625, 0.07305), (-0.49588, 0.06985), (-0.4955, 0.06665), (-0.4951, 0.06344), (-0.49469, 0.06024), (-0.49426, 0.05705), (-0.49382, 0.05385), (-0.49336, 0.05066), (-0.49288, 0.04747), (-0.49239, 0.04428), (-0.49188, 0.04109), (-0.49135, 0.03791), (-0.49081, 0.03473), (-0.49026, 0.03155), (-0.48969, 0.02838), (-0.4891, 0.0252), (-0.4885, 0.02203), (-0.48789, 0.01887), (-0.48726, 0.0157), (-0.48662, 0.01254), (-0.48596, 0.00938), (-0.48528, 0.00623), (-0.48459, 0.00308), (-0.48389, -0.00007), (-0.48317, -0.00322), (-0.48244, -0.00636), (-0.48169, -0.0095), (-0.48093, -0.01263), (-0.48016, -0.01577), (-0.47937, -0.01889), (-0.47857, -0.02202), (-0.47775, -0.02514), (-0.47692, -0.02826), (-0.47608, -0.03137), (-0.47522, -0.03448), (-0.47435, -0.03759), (-0.47346, -0.04069), (-0.47256, -0.04379), (-0.47165, -0.04688), (-0.47072, -0.04997), (-0.46978, -0.05306), (-0.46883, -0.05614), (-0.46787, -0.05922), (-0.46689, -0.0623), (-0.46589, -0.06536), (-0.46489, -0.06843), (-0.46387, -0.07149), (-0.46284, -0.07455), (-0.4618, -0.0776), (-0.46074, -0.08065), (-0.45967, -0.08369), (-0.45859, -0.08673), (-0.45749, -0.08977), (-0.45638, -0.0928), (-0.45526, -0.09582), (-0.45413, -0.09884), (-0.45298, -0.10186), (-0.45183, -0.10487), (-0.45066, -0.10788), (-0.44947, -0.11088), (-0.44828, -0.11387), (-0.44707, -0.11687), (-0.44585, -0.11985), (-0.44462, -0.12283), (-0.44337, -0.12581), (-0.44212, -0.12878), (-0.44085, -0.13175), (-0.43957, -0.13471), (-0.43828, -0.13767), (-0.43697, -0.14062), (-0.43565, -0.14356), (-0.43433, -0.1465), (-0.43298, -0.14944), (-0.43163, -0.15237), (-0.43027, -0.15529), (-0.42889, -0.15821), (-0.4275, -0.16112), (-0.4261, -0.16403), (-0.42469, -0.16693), (-0.42327, -0.16982), (-0.42183, -0.17271), (-0.42039, -0.1756), (-0.41893, -0.17847), (-0.41746, -0.18135), (-0.41598, -0.18421), (-0.41449, -0.18707), (-0.41298, -0.18993), (-0.41146, -0.19277), (-0.40994, -0.19562), (-0.4084, -0.19845), (-0.40685, -0.20128), (-0.40529, -0.2041), (-0.40371, -0.20692), (-0.40213, -0.20973), (-0.40053, -0.21253), (-0.39892, -0.21533), (-0.3973, -0.21812), (-0.39567, -0.2209), (-0.39403, -0.22368), (-0.39238, -0.22645), (-0.39071, -0.22922), (-0.38904, -0.23197), (-0.38735, -0.23472), (-0.38565, -0.23747), (-0.38394, -0.2402), (-0.38222, -0.24293), (-0.38049, -0.24565), (-0.37875, -0.24837), (-0.37699, -0.25107), (-0.37523, -0.25377), (-0.37345, -0.25647), (-0.37166, -0.25915), (-0.36986, -0.26183), (-0.36805, -0.2645), (-0.36623, -0.26716), (-0.36439, -0.26982), (-0.36255, -0.27246), (-0.36069, -0.2751), (-0.35883, -0.27773), (-0.35695, -0.28036), (-0.35506, -0.28297), (-0.35316, -0.28558), (-0.35124, -0.28818), (-0.34932, -0.29077), (-0.34739, -0.29335), (-0.34544, -0.29592), (-0.34348, -0.29849), (-0.34151, -0.30104), (-0.33953, -0.30359), (-0.33754, -0.30613), (-0.33554, -0.30866), (-0.33353, -0.31118), (-0.3315, -0.31369), (-0.32947, -0.31619), (-0.32742, -0.31868), (-0.32536, -0.32117), (-0.32329, -0.32364), (-0.32121, -0.32611), (-0.31911, -0.32856), (-0.31701, -0.33101), (-0.31489, -0.33344), (-0.31277, -0.33587), (-0.31063, -0.33828), (-0.30848, -0.34069), (-0.30632, -0.34308), (-0.30414, -0.34547), (-0.30196, -0.34784), (-0.29976, -0.35021), (-0.29756, -0.35256), (-0.29534, -0.3549), (-0.29311, -0.35723), (-0.29086, -0.35955), (-0.28861, -0.36186), (-0.28635, -0.36416), (-0.28407, -0.36644), (-0.28178, -0.36872), (-0.27948, -0.37098), (-0.27717, -0.37323), (-0.27484, -0.37547), (-0.27251, -0.3777), (-0.27016, -0.37991), (-0.2678, -0.38211), (-0.26543, -0.3843), (-0.26305, -0.38647), (-0.26066, -0.38864), (-0.25825, -0.39079), (-0.25584, -0.39292), (-0.25341, -0.39505), (-0.25097, -0.39716), (-0.24851, -0.39925), (-0.24605, -0.40133), (-0.24357, -0.4034), (-0.24108, -0.40545), (-0.23858, -0.40749), (-0.23607, -0.40952), (-0.23354, -0.41153), (-0.23101, -0.41352), (-0.22846, -0.4155), (-0.2259, -0.41746), (-0.22333, -0.41941), (-0.22074, -0.42134), (-0.21815, -0.42326), (-0.21554, -0.42515), (-0.21292, -0.42704), (-0.21029, -0.4289), (-0.20764, -0.43075), (-0.20499, -0.43258), (-0.20232, -0.4344), (-0.19964, -0.43619), (-0.19695, -0.43797), (-0.19424, -0.43973), (-0.19153, -0.44147), (-0.1888, -0.44319), (-0.18606, -0.4449), (-0.18331, -0.44658), (-0.18054, -0.44825), (-0.17777, -0.44989), (-0.17498, -0.45152), (-0.17218, -0.45312), (-0.16937, -0.4547), (-0.16655, -0.45627), (-0.16371, -0.45781), (-0.16087, -0.45933), (-0.15801, -0.46082), (-0.15514, -0.4623), (-0.15226, -0.46375), (-0.14937, -0.46518), (-0.14646, -0.46659), (-0.14355, -0.46797), (-0.14063, -0.46933), (-0.13769, -0.47067), (-0.13474, -0.47198), (-0.13178, -0.47326), (-0.12881, -0.47452), (-0.12583, -0.47576), (-0.12284, -0.47696), (-0.11984, -0.47815), (-0.11682, -0.4793), (-0.1138, -0.48043), (-0.11077, -0.48153), (-0.10773, -0.48261), (-0.10468, -0.48365), (-0.10162, -0.48467), (-0.09854, -0.48566), (-0.09546, -0.48662), (-0.09237, -0.48754), (-0.08927, -0.48844), (-0.08617, -0.48931), (-0.08305, -0.49015), (-0.07993, -0.49096), (-0.0768, -0.49173), (-0.07366, -0.49247), (-0.07051, -0.49319), (-0.06736, -0.49386), (-0.0642, -0.49451), (-0.06103, -0.49512), (-0.05785, -0.4957), (-0.05467, -0.49624), (-0.05149, -0.49675), (-0.0483, -0.49723), (-0.0451, -0.49767), (-0.0419, -0.49808), (-0.0387, -0.49845), (-0.03549, -0.49878), (-0.03227, -0.49908), (-0.02906, -0.49934), (-0.02584, -0.49956), (-0.02262, -0.49975), (-0.0194, -0.4999), (-0.01617, -0.50001), (-0.01295, -0.50008), (-0.00972, -0.50012), (-0.0065, -0.50012), (-0.00327, -0.50008), (-0.00004, -0.5)] @{
  color: "#c74440",
  hidden: true,
}
